hidden:

0.6022761
0.97470534
0.8598935
1.0
1.0
0.0
0.0
0.29899642

conns:

-0.55599976
2.6701884
0.0
0.0
0.0
0.0
-0.50515056
-0.22837834
-0.0
-1.457799
-1.2511917
0.035402995
0.0
-0.0
0.0
0.5185885
-0.026491564
-1.7190344
2.5026035
0.0
-0.0
0.0
-0.13168429
-1.1761593
-1.1673298
-0.14265521
-1.7037207
-0.0
0.0
-0.0
0.3184297
-1.9407732
-1.5028005
-0.003387959
-0.14620368
0.0
-0.0
1.7627984
-0.0
0.0
-0.17425424
0.81830174
1.419343
0.0
-0.07345017
2.0402185E-4
0.26777634
-1.1104438
1.4267797
1.8733511
0.0
-0.0073500755
-0.4214359
-0.0
-0.14840764
0.0
-1.7824589
0.0
0.0
-0.0
-0.5860594
-0.05446366
2.3820486
-2.9130983
0.0
0.170574
0.0
-0.9959326
0.0
0.46673223
-0.020599164
0.9550586
0.0
0.0
-1.9987873
0.97624683
0.0
-0.6455632
-0.0
2.5078602
2.0921896
0.0
-1.1415943
1.9730945
-1.7942888
0.0
-1.3100915
2.1354241
1.1761003
2.5147576
0.0
0.5247899
-1.7113402
-0.005309185
0.0
0.0
0.0
0.0
-0.0032090389
-0.28697252
0.0
0.0
0.010351845
-1.6860127
-0.51342565
0.0
0.0
-0.2240274
0.0
0.0
-0.0
-0.0
0.0
0.0
0.06826964
0.0
0.0
-0.9218295
0.0
1.275176
-0.0
0.0
0.9136349
-0.0
-0.04767643
0.117731094
0.0
-0.08389881
-0.0
0.0
0.019069493
0.0
-2.444274
0.0
-0.0019112128
0.0
-0.1275432
2.813787
-0.058776066
0.0